Sta node#,distance,timerx(notassociated),timeidle(notassociated),timetx(notassociated),timesleep(notassociated),timecollision(notassociated)
0,37.6303,0.7252,(0.26856),31.1264,(1.31296),0.001,(0.0032),30.4617,(0),0.000163573,(0.000649864)
1,182.863,0.81496,(0.07152),31.5414,(0.506596),0.001,(0.0032),30.9605,(0),0.000327913,(0.000322958)
2,114.068,0.83136,(0.05512),31.546,(0.501956),0.001,(0.0032),30.9605,(0),0.000327131,(0.000322946)
3,93.6336,0.79356,(0.16708),31.3579,(0.912527),0.001,(0.0048),30.6621,(0),0.000324459,(0.000486933)
4,198.21,0.8008,(0.08568),31.5372,(0.510808),0.001,(0.0032),30.9605,(0),0.00032499,(0.000323811)
5,122.73,0.71812,(0.27564),31.1243,(1.31506),0.001,(0.0032),30.4617,(0),0.000164405,(0.000649931)
6,124.08,0.80528,(0.0812),31.5392,(0.508763),0.001,(0.0032),30.9605,(0),0.000325796,(0.000323184)
7,172.131,0.67128,(0.36884),30.9608,(1.72607),0.001,(0.0064),30.1638,(0),0,(0.00161247)
8,64.916,0.6806,(0.36176),30.9638,(1.72302),0.001,(0.0048),30.1638,(0),0,(0.000972703)
9,149.381,0.79856,(0.08568),31.536,(0.511962),0.001,(0.0048),30.9605,(0),0.000326581,(0.000963631)
10,85.5006,0.7732,(0.11736),31.3435,(0.900807),0.001,(0.0032),30.7601,(0),0.000325091,(0.000324265)
11,177.649,0.82652,(0.05996),31.5446,(0.50343),0.001,(0.0032),30.9605,(0),0.000326683,(0.000323724)
12,77.4031,0.70916,(0.283),31.1203,(1.31905),0.001,(0.0048),30.4617,(0),0.000164005,(0.000648799)
13,177.256,0.80304,(0.08344),31.5383,(0.509709),0.001,(0.0032),30.9605,(0),0.000327683,(0.000321424)
14,79.0942,0.69512,(0.34884),30.9673,(1.71953),0.001,(0.0032),30.1638,(0),0,(0.000972551)
15,161.423,0.77752,(0.18312),31.3523,(0.918154),0.001,(0.0048),30.6621,(0),0.000324177,(0.000486099)
16,140.157,0.73676,(0.257),31.1301,(1.30922),0.001,(0.0032),30.4617,(0),0.000164369,(0.000649992)
17,125.047,0.69832,(0.29952),30.9291,(1.70661),0.001,(0.0032),30.2612,(0),0.000163192,(0.000651127)
18,67.6939,0.71588,(0.27788),31.1233,(1.31612),0.001,(0.0032),30.4617,(0),0.000163695,(0.000647942)
19,84.9455,0.69736,(0.34624),30.968,(1.71885),0.001,(0.0032),30.1638,(0),0,(0.00133425)
20,126.581,0.85628,(0.0302),31.551,(0.496988),0.001,(0.0032),30.9605,(0),0.000647884,(1.454e-06)
21,18.0398,0.75872,(0.23504),31.1357,(1.30369),0.001,(0.0032),30.4617,(0),0.000325048,(0.000488133)
22,164.731,0.82428,(0.0622),31.544,(0.504011),0.001,(0.0032),30.9605,(0),0.000326363,(0.000323523)
23,95.1019,0.80772,(0.15452),31.3618,(0.908682),0.001,(0.0032),30.6621,(0),0.000486197,(0.000325881)
24,117.845,0.69348,(0.30436),30.9282,(1.70751),0.001,(0.0032),30.2612,(0),0.000162147,(0.00065184)
25,98.391,0.8148,(0.14744),31.3637,(0.906784),0.001,(0.0032),30.6621,(0),0.000485463,(0.000325312)
26,177.143,0.74124,(0.25252),31.1316,(1.30775),0.001,(0.0032),30.4617,(0),0.000164416,(0.000650557)
27,150.353,0.84104,(0.04544),31.548,(0.500002),0.001,(0.0032),30.9605,(0),0.000487731,(0.000161422)
28,135.162,0.83264,(0.1296),31.3674,(0.903082),0.001,(0.0032),30.6621,(0),0.00048468,(0.00032543)
29,139.008,0.77528,(0.18376),31.3518,(0.918681),0.001,(0.0064),30.6621,(0),0.000324143,(0.000487782)
30,193.736,0.68344,(0.3144),30.9258,(1.70994),0.001,(0.0032),30.2612,(0),0.000161564,(0.000649519)
31,195.584,0.8172,(0.06928),31.5419,(0.506068),0.001,(0.0032),30.9605,(0),0.000327826,(0.000321585)
32,183.994,0.6708,(0.32704),30.9233,(1.71242),0.001,(0.0032),30.2612,(0),1.612e-06,(0.00081416)
33,188.49,0.80996,(0.15228),31.3623,(0.908205),0.001,(0.0032),30.6621,(0),0.000484608,(0.000326072)
34,168.072,0.74608,(0.24768),31.1329,(1.30644),0.001,(0.0032),30.4617,(0),0.000322895,(0.000487391)
35,170.501,0.77044,(0.18796),31.3481,(0.922392),0.001,(0.0064),30.6621,(0),0.000325742,(0.00112731)
36,133.701,0.81012,(0.07636),31.5403,(0.507705),0.001,(0.0032),30.9605,(0),0.000325191,(0.000323436)
37,174.439,0.72744,(0.26632),31.1275,(1.31186),0.001,(0.0032),30.4617,(0),0.00016438,(0.000648402)
38,183.536,0.80288,(0.15936),31.3608,(0.909688),0.001,(0.0032),30.6621,(0),0.000484714,(0.000325704)
39,175.011,0.8362,(0.05028),31.547,(0.500949),0.001,(0.0032),30.9605,(0),0.000326957,(0.000323845)
40,184.931,0.7958,(0.16644),31.3585,(0.911947),0.001,(0.0032),30.6621,(0),0.000325288,(0.000485612)
41,118.491,0.82204,(0.06444),31.5432,(0.504801),0.001,(0.0032),30.9605,(0),0.000327597,(0.000322061)
42,146.845,0.7114,(0.28012),31.1213,(1.31805),0.001,(0.0048),30.4617,(0),0.000164056,(0.00129135)
43,154.923,0.80064,(0.1616),31.3597,(0.910733),0.001,(0.0032),30.6621,(0),0.000325371,(0.000486206)
44,183.705,0.68284,(0.35916),30.9643,(1.72254),0.001,(0.0048),30.1638,(0),0,(0.00133686)
45,194.484,0.79408,(0.0908),31.5339,(0.514112),0.001,(0.0048),30.9605,(0),0.000325096,(0.000323845)
46,104.477,0.66644,(0.37368),30.9585,(1.72832),0.001,(0.0064),30.1638,(0),0,(0.00161223)
47,198.011,0.78424,(0.178),31.3545,(0.915943),0.001,(0.0032),30.6621,(0),0.000325087,(0.000485561)
48,159.432,0.78648,(0.17576),31.3553,(0.915152),0.001,(0.0032),30.6621,(0),0.00032404,(0.000487852)
49,10.8762,0.78864,(0.20672),31.1415,(1.29787),0.001,(0.0016),30.4617,(0),0.000326141,(0.00048671)
50,97.205,0.7734,(0.22036),31.1385,(1.30088),0.001,(0.0032),30.4617,(0),0.000325269,(0.00048913)
51,117.057,0.67352,(0.36848),30.9613,(1.72554),0.001,(0.0048),30.1638,(0),0,(0.00133414)
52,195.392,0.77976,(0.18088),31.3529,(0.917571),0.001,(0.0048),30.6621,(0),0.000324839,(0.000487479)
53,188.369,0.79632,(0.08792),31.5349,(0.513063),0.001,(0.0048),30.9605,(0),0.000326343,(0.000963548)
54,56.7079,0.78484,(0.10732),31.3469,(0.897433),0.001,(0.0016),30.7601,(0),0.000325597,(0.000323895)
55,196.39,0.72036,(0.2734),31.125,(1.31433),0.001,(0.0032),30.4617,(0),0.000162776,(0.00064823)
56,163.439,0.70828,(0.33568),30.972,(1.71485),0.001,(0.0032),30.1638,(0),0.00016,(0.000814375)
57,136.998,0.73452,(0.25924),31.1296,(1.3098),0.001,(0.0032),30.4617,(0),0.000162844,(0.000649909)
58,63.9924,0.6996,(0.34436),30.9686,(1.71827),0.001,(0.0032),30.1638,(0),0,(0.000973372)
59,84.5158,0.70604,(0.33792),30.9715,(1.71532),0.001,(0.0032),30.1638,(0),0,(0.000972332)
60,121.682,0.87356,(0.01292),31.5542,(0.493758),0.001,(0.0032),30.9605,(0),0.000647723,(1.273e-06)
61,126.651,0.78872,(0.17352),31.3564,(0.914052),0.001,(0.0032),30.6621,(0),0.000325332,(0.00048678)
62,166.398,0.71364,(0.27852),31.122,(1.31732),0.001,(0.0048),30.4617,(0),0.000164273,(0.000648222)
63,70.9496,0.73956,(0.18024),31.421,(0.916368),0.001,(0.0032),30.6378,(0),0.000163019,(0.000486026)
64,111.065,0.68768,(0.35592),30.9654,(1.72143),0.001,(0.0032),30.1638,(0),0,(0.00133494)
65,158.873,0.72968,(0.26248),31.1286,(1.31076),0.001,(0.0048),30.4617,(0),0.000162851,(0.000647973)
66,180.587,0.67836,(0.36336),30.9629,(1.72391),0.001,(0.0048),30.1638,(0),0,(0.00161219)
67,144.077,0.739,(0.25476),31.1309,(1.30843),0.001,(0.0032),30.4617,(0),0.000164507,(0.000648922)
